51157
29864
19742
34121
8204
46242
19528
64776
7538
4348
17891
21343
1966
9120
31988
24772
22570
64808
17468
29576
50171
16092
37582
22691
31586
31549
56708
49025
41377
5923
46446
55530
8647
45723
11683
22696
18723
26625
20214
45301
33645
38401
21996
21690
22682
5765
16836
35906
22060
42216
29112
21860
59014
14830
64325
28379
40487
32669
51291
64617
10553
27390
55820
47384
35253
461
43805
58466
38849
22172
14499
39112
57649
39791
48488
1102
55910
39155
29110
45103
26718
60488
23632
10884
51737
46673
23944
42363
52325
14957
31259
35265
36714
40803
7129
16265
24219
14466
35199
10574
43746
36496
30886
44833
59797
46248
949
26513
20955
13470
56693
42516
25405
13625
43918
42103
5168
6866
35846
59341
7135
15587
61238
38791
12381
55615
53929
4418
20339
60340
45392
52126
21736
16380
1427
28775
43923
63267
20876
14477
53047
55909
19420
58750
29149
32567
1013
63781
20762
17317
47648
62191
23476
6982
25983
43636
34747
39992
51160
21124
18861
38142
50095
5927
47029
4114
59362
41260
5633
11425
48205
28773
29572
50600
61407
62629
38629
60857
45446
31643
19089
48640
1364
30908
64159
36764
3574
51957
135
9853
64174
33768
11430
39311
31588
19610
30147
23851
24991
60811
57419
1627
65095
15062
60150
28826
7031
53775
12940
28580
24401
48580
45909
13474
56166
23465
37419
56671
27534
23860
47610
7575
57806
39045
49705
45600
23271
47054
30784
62421
13074
57741
22572
53558
7174
53941
7232
6545
44938
55084
3468
1983
23543
47921
42951
36205
48521
33709
38644
63019
57083
8727
49498
3135
43419
50448
31713
13282
10087
3839
51748
46313
31845
47754
37996
10998
30361
51065
36082
22872
51413
37886
26913
13859
60220
36057
33667
14327
57484
52250
44506
57207
57210
57667
16598
12586
61352
34815
30169
47729
45276
39694
2131
44188
48211
37261
35989
14446
51933
11189
64210
19076
10711
9143
37891
683
9353
9689
35830
11544
10753
35463
9794
55615
24732
15386
9058
7902
31515
27306
15859
45766
26375
43206
59055
6800
27602
24240
38321
56498
40393
11422
43573
49603
57788
31327
33885
10348
56956
39226
61437
8064
2665
11951
6472
50620
58638
10694
44426
44165
29215
64366
57444
18219
15235
49950
18998
60135
46776
21895
50177
29002
38325
37518
59737
5935
45125
11120
63179
57887
10096
26800
40063
23878
46172
31572
44545
21011
48743
39984
35668
47039
35909
32976
47404
11305
20685
13943
30745
8275
53610
6776
45498
32614
16549
43651
18623
161
42673
10624
37455
55195
51975
23644
26113
57981
12469
55326
687
24583
63981
52746
54038
14193
49654
58779
35471
52861
63055
23780
55772
44843
27523
20775
10940
64010
51094
6306
2185
64768
34220
65244
37201
44098
25778
25490
1863
7365
53179
15488
15103
12463
31330
47567
32080
8091
63705
24070
22677
25100
29030
13160
54889
18811
49025
977
15693
31047
3778
5050
15053
53399
22578
65324
28564
44659
32577
65171
29929
57306
30540
13210
13120
53279
48846
14787
53638
38437
11582
17878
35195
20941
4978
47158
16430
39959
49004
25519
12245
63080
49905
35270
6899
37476
52096
61975
7474
10238
16741
45400
1522
2859
19974
31000
22687
16934
54857
20727
18461
63673
39046
46972
52022
37061
7387
37370
55349
31915
56961
25178
56211
35110
54205
44398
6673
51820
50168
46821
13973
53142
10047
65359
61813
24680
17263
44826
9824
61429
196
7499
24879
13194
21649
23612
15847
19442
60703
32789
26178
35024
63453
42030
60512
42459
56032
27785
8256
8458
44816
24860
49523
56130
18666
28700
41257
2838
62757
44302
51226
55001
31954
62061
61548
59697
64547
62795
25431
32063
65495
5089
58856
46620
53798
19368
34141
23729
61562
20383
33530
8004
4665
20008
61128
13263
44547
7519
22787
22818
28928
59288
24811
63464
629
7648
24046
60279
51284
7667
21359
57207
14022
13043
18596
21302
49205
7626
51896
6615
27745
17004
12402
32799
54984
46076
25036
18755
11829
18803
46034
9326
21572
29043
30652
34997
27366
54266
23576
34092
43764
50870
46519
49976
61665
57949
19706
63971
57023
32638
53342
26288
5221
50531
36847
37608
53989
10415
31730
2124
24257
32561
29908
28011
51142
5456
2160
25858
1376
50665
37484
5365
58873
59756
65484
17631
28248
56047
60045
61983
28419
52216
28092
11274
14236
2091
38693
11921
3949
41765
11743
28855
3337
47795
11862
42658
55573
2236
47656
16753
6377
57521
48485
31010
40935
63082
30937
25474
418
26235
54072
34346
52847
33813
30322
62794
13998
27942
38031
46589
19174
29867
52580
19677
50714
6930
15689
12622
45225
47104
47734
7993
4892
46386
50007
52348
62779
31393
33301
30941
36229
1558
35114
51099
35660
54976
55313
46242
63774
62963
11980
44369
14689
48029
28794
35354
60215
40238
39392
35560
9481
11009
48536
32980
58357
2344
15936
62491
1750
32447
42041
37444
53281
24921
35326
17779
5739
597
7383
34880
53137
6381
6388
24650
357
53000
19772
45625
54112
24427
64806
43966
10999
33575
41909
57265
1687
4397
64169
32310
34147
8022
57853
10906
64251
65188
3800
13105
37320
3839
54114
133
17180
32685
64502
6540
30174
9031
40669
1516
31199
61045
56220
5761
41623
4666
17175
58093
46874
54204
60286
20978
14790
56824
53137
50491
6149
17505
57722
32988
15420
25116
23410
26417
20877
11919
5360
27382
36099
10157
36774
47162
14802
6916
46286
6359
415
35400
55135
55034
54612
13619
4838
45115
2691
11100
61206
59892
48041
17219
50789
25632
64033
43680
38813
34713
38580
38194
2187
1778
37950
40223
42992
51954
5810
55449
14325
48371
23161
50819
38344
58970
62625
11475
57375
1423
65064
43649
53785
500
33747
51596
64491
53847
31487
42614
1036
30679
58028
2044
27472
43720
41245
58811
16924
3103
4576
42309
48520
60446
16500
44328
58969
37710
6320
41667
33369
3285
47801
44236
32782
38332
58363
16203
20049
27553
31798
16611
45622
58109
48425
8855
32521
39410
48947
52601
33676
46197
3374
64103
38363
16975
2283
43611
49700
62085
40777
30485
45197
49963
536
26415
41414
27668
48688
52130
16610
22257
43172
35301
43414
21576
21948
37754
42263
10857
23307
19405
23202
9929
47721
18034
44217
4797
59757
17421
46717
9941
55069
12738
26201
44221
43887
24649
61936
2552
18719
17155
52237
36644
38230
1689
